%YAML:1.0
---
model_type: PINHOLE
camera_name: camera
image_width: 640
image_height: 480
distortion_parameters:
   k1: 0.0
   k2: 0.0
   p1: 0.0
   p2: 0.0
# projection_parameters:
#    fx: 382.580322265625
#    fy: 382.580322265625
#    cx: 321.42095947265625
#    cy: 235.15451049804688
projection_parameters:
   fx: 386.51507568359375
   fy: 386.51507568359375
   cx: 317.0549621582031
   cy: 238.86331176757812
